1024 256 128
0000000000000000000000000000000000000000000000000000011011010110
0000000000000000000000000000000000000000000000000010011111011100
0000000000000000000000000000000000000000000000000001010010101111
0000000000000000000000000000000000000000000000000001111111111101
0000000000000000000000000000000000000000000000000000011111001010
0000000000000000000000000000000000000000000000000000110110001001
0000000000000000000000000000000000000000000000000011010111001110
0000000000000000000000000000000000000000000000000010101111100011
0000000000000000000000000000000000000000000000000001010010000101
0000000000000000000000000000000000000000000000000010010010100101
0000000000000000000000000000000000000000000000000001000111010001
0000000000000000000000000000000000000000000000000000111011010100
0000000000000000000000000000000000000000000000000001011011110101
0000000000000000000000000000000000000000000000000001111010000010
0000000000000000000000000000000000000000000000000001000010000001
0000000000000000000000000000000000000000000000000001000010110011
0000000000000000000000000000000000000000000000000010111111000010
0000000000000000000000000000000000000000000000000010101010001111
0000000000000000000000000000000000000000000000000001111011111011
0000000000000000000000000000000000000000000000000010101110111110
0000000000000000000000000000000000000000000000000000101110100001
0000000000000000000000000000000000000000000000000010111011000000
0000000000000000000000000000000000000000000000000001110111000100
0000000000000000000000000000000000000000000000000000111111111110
0000000000000000000000000000000000000000000000000011101010010101
0000000000000000000000000000000000000000000000000010100010111111
0000000000000000000000000000000000000000000000000000101011011000
0000000000000000000000000000000000000000000000000000000111111010
0000000000000000000000000000000000000000000000000010100011111100
0000000000000000000000000000000000000000000000000010111011011111
0000000000000000000000000000000000000000000000000011110010011101
0000000000000000000000000000000000000000000000000001110010011010
0000000000000000000000000000000000000000000000000011101111101010
0000000000000000000000000000000000000000000000000000100110101000
0000000000000000000000000000000000000000000000000010110110001011
0000000000000000000000000000000000000000000000000001001010011001
0000000000000000000000000000000000000000000000000001100010010010
0000000000000000000000000000000000000000000000000001011011101101
0000000000000000000000000000000000000000000000000010110111101001
0000000000000000000000000000000000000000000000000001111010000100
0000000000000000000000000000000000000000000000000011100111000001
0000000000000000000000000000000000000000000000000011111111110001
0000000000000000000000000000000000000000000000000000010111110110
0000000000000000000000000000000000000000000000000011010110000110
0000000000000000000000000000000000000000000000000011101110110100
0000000000000000000000000000000000000000000000000001001011101111
0000000000000000000000000000000000000000000000000010010111111001
0000000000000000000000000000000000000000000000000011000110001010
0000000000000000000000000000000000000000000000000001100110110111
0000000000000000000000000000000000000000000000000011000010011110
0000000000000000000000000000000000000000000000000000010111101110
0000000000000000000000000000000000000000000000000010110010101101
0000000000000000000000000000000000000000000000000001101110111001
0000000000000000000000000000000000000000000000000001010011100010
0000000000000000000000000000000000000000000000000011110110000111
0000000000000000000000000000000000000000000000000000100110101100
0000000000000000000000000000000000000000000000000000110111001000
0000000000000000000000000000000000000000000000000010101011000011
0000000000000000000000000000000000000000000000000011111010001100
0000000000000000000000000000000000000000000000000011001010100011
0000000000000000000000000000000000000000000000000011110110100000
0000000000000000000000000000000000000000000000000010010011001111
0000000000000000000000000000000000000000000000000010011110100100
0000000000000000000000000000000000000000000000000001010111110000
0000000000000000000000000000000000000000000000000000100011010111
0000000000000000000000000000000000000000000000000010010001101111
0000000000000000000000000000000000000000000000000000101111000101
0000000000000000000000000000000000000000000000000011011010101110
0000000000000000000000000000000000000000000000000010010011110111
0000000000000000000000000000000000000000000000000010000111010000
0000000000000000000000000000000000000000000000000000001011011001
0000000000000000000000000000000000000000000000000001100010110101
0000000000000000000000000000000000000000000000000011011111001001
0000000000000000000000000000000000000000000000000010011111001100
0000000000000000000000000000000000000000000000000001000010010111
0000000000000000000000000000000000000000000000000011110010101011
0000000000000000000000000000000000000000000000000000110111100101
0000000000000000000000000000000000000000000000000011101010001000
0000000000000000000000000000000000000000000000000001111110010001
0000000000000000000000000000000000000000000000000000111011010101
0000000000000000000000000000000000000000000000000001000011111000
0000000000000000000000000000000000000000000000000001111010100110
0000000000000000000000000000000000000000000000000001101101011111
0000000000000000000000000000000000000000000000000011011010111010
0000000000000000000000000000000000000000000000000000111010111011
0000000000000000000000000000000000000000000000000000101110100111
0000000000000000000000000000000000000000000000000001010010000000
0000000000000000000000000000000000000000000000000001101000110100
0000000000000000000000000000000000000000000000000010001110011011
0000000000000000000000000000000000000000000000000000000111001101
0000000000000000000000000000000000000000000000000011001111011010
0000000000000000000000000000000000000000000000000001011111101100
0000000000000000000000000000000000000000000000000011010011100001
0000000000000000000000000000000000000000000000000000001111011011
0000000000000000000000000000000000000000000000000001101110011100
0000000000000000000000000000000000000000000000000010100011100110
0000000000000000000000000000000000000000000000000011001001001110
0000000000000000000000000000000000000000000000000001000011011110
0000000000000000000000000000000000000000000000000010110101101111
0000000000000000000000000000000000000000000000000000010110011000
0000000000000000000000000000000000000000000000000001000011001011
0000000000000000000000000000000000000000000000000001001100001001
0000000000000000000000000000000000000000000000000001000111011101
0000000000000000000000000000000000000000000000000001111010001101
0000000000000000000000000000000000000000000000000001111011110100
0000000000000000000000000000000000000000000000000001010000001001
0000000000000000000000000000000000000000000000000000000010000011
0000000000000000000000000000000000000000000000000000011101011101
0000000000000000000000000000000000000000000000000010111011010010
0000000000000000000000000000000000000000000000000011010010110110
0000000000000000000000000000000000000000000000000010111111100100
0000000000000000000000000000000000000000000000000010000100001011
0000000000000000000000000000000000000000000000000011101101001100
0000000000000000000000000000000000000000000000000011101011110011
0000000000000000000000000000000000000000000000000011100110111000
0000000000000000000000000000000000000000000000000001010001001011
0000000000000000000000000000000000000000000000000000011101111110
0000000000000000000000000000000000000000000000000001010100100101
0000000000000000000000000000000000000000000000000010000010101010
0000000000000000000000000000000000000000000000000000111101101100
0000000000000000000000000000000000000000000000000011101110111101
0000000000000000000000000000000000000000000000000011110110101001
0000000000000000000000000000000000000000000000000011010110011111
0000000000000000000000000000000000000000000000000001011101000011
0000000000000000000000000000000000000000000000000011000010001110
0000000000000000000000000000000000000000000000000001101000001011
0000000000000000000000000000000000000000000000000001111011101000
0000000000000000000000000000000000000000000000000011011010111100
0000000000000000000000000000000000000000000000000010110110100010
0000000000000000000000000000000000000000000000000011110001100110
0000000000000000000000000000000000000000000000000010010000000101
0000000000000000000000000000000000000000000000000000111100011000
0000000000000000000000000000000000000000000000000011111010110000
0000000000000000000000000000000000000000000000000011101100101111
0000000000000000000000000000000000000000000000000000001101110101
0000000000000000000000000000000000000000000000000001010110010011
0000000000000000000000000000000000000000000000000011001110110001
0000000000000000000000000000000000000000000000000001011010010110
0000000000000000000000000000000000000000000000000011100000011101
0000000000000000000000000000000000000000000000000010010111100111
0000000000000000000000000000000000000000000000000010011100110001
0000000000000000000000000000000000000000000000000010001110110010
0000000000000000000000000000000000000000000000000001010001111110
0000000000000000000000000000000000000000000000000001001001100011
0000000000000000000000000000000000000000000000000001100111010011
0000000000000000000000000000000000000000000000000011100001100100
0000000000000000000000000000000000000000000000000010101001110011
0000000000000000000000000000000000000000000000000001010101000000
0000000000000000000000000000000000000000000000000011010101110000
0000000000000000000000000000000000000000000000000011110101001110
0000000000000000000000000000000000000000000000000010111011101011
0000000000000000000000000000000000000000000000000011100100101100
0000000000000000000000000000000000000000000000000000011000001110
0000000000000000000000000000000000000000000000000011100011110010
0000000000000000000000000000000000000000000000000011001000011110
0000000000000000000000000000000000000000000000000010001000001101
0000000000000000000000000000000000000000000000000010110000011010
0000000000000000000000000000000000000000000000000001011100000110
0000000000000000000000000000000000000000000000000001010001101010
0000000000000000000000000000000000000000000000000000001101011101
0000000000000000000000000000000000000000000000000010100101110011
0000000000000000000000000000000000000000000000000001011000111011
0000000000000000000000000000000000000000000000000011101100101101
0000000000000000000000000000000000000000000000000000110101110101
0000000000000000000000000000000000000000000000000010110000110000
0000000000000000000000000000000000000000000000000011111001000100
0000000000000000000000000000000000000000000000000000001000101010
0000000000000000000000000000000000000000000000000010100011000111
0000000000000000000000000000000000000000000000000011000100011100
0000000000000000000000000000000000000000000000000010010000001110
0000000000000000000000000000000000000000000000000000110000110000
0000000000000000000000000000000000000000000000000010111100111101
0000000000000000000000000000000000000000000000000001011100011000
0000000000000000000000000000000000000000000000000001001011100000
0000000000000000000000000000000000000000000000000000110100100001
0000000000000000000000000000000000000000000000000010000001010100
0000000000000000000000000000000000000000000000000000010100010011
0000000000000000000000000000000000000000000000000000010111000110
0000000000000000000000000000000000000000000000000011110100000011
0000000000000000000000000000000000000000000000000000001100111111
0000000000000000000000000000000000000000000000000000011110010100
0000000000000000000000000000000000000000000000000000011000000100
0000000000000000000000000000000000000000000000000001111001010000
0000000000000000000000000000000000000000000000000000111100100000
0000000000000000000000000000000000000000000000000011010101110101
0000000000000000000000000000000000000000000000000000011000001111
0000000000000000000000000000000000000000000000000010011101110010
0000000000000000000000000000000000000000000000000010001101010111
0000000000000000000000000000000000000000000000000000000100000101
0000000000000000000000000000000000000000000000000011101101010010
0000000000000000000000000000000000000000000000000001110000000100
0000000000000000000000000000000000000000000000000011000000000101
0000000000000000000000000000000000000000000000000011010101010000
0000000000000000000000000000000000000000000000000001100000100011
0000000000000000000000000000000000000000000000000011011101010110
0000000000000000000000000000000000000000000000000011000000011100
0000000000000000000000000000000000000000000000000001010110010000
0000000000000000000000000000000000000000000000000011110100001100
0000000000000000000000000000000000000000000000000011100000010010
0000000000000000000000000000000000000000000000000001110001111101
0000000000000000000000000000000000000000000000000010110000000011
0000000000000000000000000000000000000000000000000000100101000100
0000000000000000000000000000000000000000000000000010010001100001
0000000000000000000000000000000000000000000000000000001101001011
0000000000000000000000000000000000000000000000000001010000001110
0000000000000000000000000000000000000000000000000000010101001101
0000000000000000000000000000000000000000000000000001101100001101
0000000000000000000000000000000000000000000000000001010101000001
0000000000000000000000000000000000000000000000000010110100101100
0000000000000000000000000000000000000000000000000000010101001001
0000000000000000000000000000000000000000000000000001111000010101
0000000000000000000000000000000000000000000000000001111000001010
0000000000000000000000000000000000000000000000000001100101100001
0000000000000000000000000000000000000000000000000010011101111011
0000000000000000000000000000000000000000000000000011100000111011
0000000000000000000000000000000000000000000000000010010100111111
0000000000000000000000000000000000000000000000000010110101010001
0000000000000000000000000000000000000000000000000011101101100001
0000000000000000000000000000000000000000000000000000001100100110
0000000000000000000000000000000000000000000000000000001001110111
0000000000000000000000000000000000000000000000000011110001010101
0000000000000000000000000000000000000000000000000011001101011001
0000000000000000000000000000000000000000000000000010110100101111
0000000000000000000000000000000000000000000000000010011100001110
0000000000000000000000000000000000000000000000000001100101101001
0000000000000000000000000000000000000000000000000000101001110001
0000000000000000000000000000000000000000000000000010000001101001
0000000000000000000000000000000000000000000000000010011001011001
0000000000000000000000000000000000000000000000000011001000000001
0000000000000000000000000000000000000000000000000011001101110000
0000000000000000000000000000000000000000000000000010011001100111
0000000000000000000000000000000000000000000000000010001101010011
0000000000000000000000000000000000000000000000000000011001001101
0000000000000000000000000000000000000000000000000011000101111001
0000000000000000000000000000000000000000000000000011011101001100
0000000000000000000000000000000000000000000000000001110101001110
0000000000000000000000000000000000000000000000000010100101001100
0000000000000000000000000000000000000000000000000000011101001011
0000000000000000000000000000000000000000000000000001011100010100
0000000000000000000000000000000000000000000000000010111000111111
0000000000000000000000000000000000000000000000000000110100111000
0000000000000000000000000000000000000000000000000001111100101011
0000000000000000000000000000000000000000000000000010011100011011
0000000000000000000000000000000000000000000000000000101001000011
0000000000000000000000000000000000000000000000000010000001011011
0000000000000000000000000000000000000000000000000000001000001110
0000000000000000000000000000000000000000000000000011000000011111
0000000000000000000000000000000000000000000000000001101101011000
0000000000000000000000000000000000000000000000000000110101100101
0000000000000000000000000000000000000000000000000001111000001111
0000000000000000000000000000000000000000000000000000100001000011
0000000000000000000000000000000000000000000000000001100101100110
0000000000000000000000000000000000000000000000000001001101111110
0000000000000000000000000000000000000000000000000000000001101111
0000000000000000000000000000000000000000000000000010001001000100
0000000000000000000000000000000000000000000000000010011101011010
